timestamp_unix,cgroup_mem_anon_bytes,cgroup_mem_file_bytes,cgroup_mem_kernel_bytes,cgroup_mem_slab_bytes,cgroup_mem_swap_bytes,cgroup_mem_workingset_refault,cgroup_mem_kswapd_steal,cgroup_mem_direct_reclaim_steal
1784317787.9256,1263484928,6356471808,578461696,555169640,,,0,0
1784317788.9258,1577910272,6400708608,580190208,555379808,,,0,0
1784317789.9261,1577910272,6400712704,580153344,555389904,,,0,0
1784317790.9265,1577910272,6400712704,580165632,555401680,,,0,0
1784317791.9268,1577910272,6400712704,580161536,555396040,,,0,0
1784317792.9271,1577910272,6400712704,580161536,555405136,,,0,0
1784317793.9275,1577771008,6400712704,580141056,555386984,,,0,0
1784317794.9278,1577771008,6400712704,580157440,555375280,,,0,0
1784317795.9282,1577873408,6400716800,580169728,555397560,,,0,0
1784317796.9285,1577873408,6400716800,580280320,555408384,,,0,0
1784317797.9288,1577873408,6400716800,580169728,555392000,,,0,0
1784317798.929,1577873408,6400716800,580165632,555396528,,,0,0
1784317799.9297,1577873408,6400716800,580173824,555398088,,,0,0
1784317800.93,1577877504,6400716800,580169728,555398936,,,0,0
1784317801.9304,1577877504,6400716800,580161536,555388064,,,0,0
1784317802.9307,1577877504,6400716800,580157440,555388928,,,0,0
1784317803.9311,1577877504,6400716800,580165632,555393464,,,0,0
1784317804.9315,1577877504,6400716800,580165632,555392880,,,0,0
1784317805.9319,1577869312,6400716800,580169728,555398608,,,0,0
1784317806.9322,1577869312,6400716800,580169728,555380000,,,0,0
1784317807.9326,1577971712,6400716800,580149248,555373248,,,0,0
1784317808.9335,1577971712,6400716800,580153344,555382472,,,0,0
1784317809.9338,1577971712,6400716800,580169728,555388336,,,0,0
1784317810.9341,1577971712,6400716800,580169728,555400576,,,0,0
1784317811.9345,1577971712,6400716800,580247552,555406896,,,0,0
1784317812.9348,1577971712,6400716800,580145152,555380224,,,0,0
1784317813.9351,1577971712,6400716800,580165632,555387192,,,0,0
1784317814.9355,1577971712,6400720896,580198400,555391048,,,0,0
1784317815.9361,1577971712,6212644864,574627840,549807360,,,0,0
1784317816.9365,1577971712,6297665536,577150976,552338800,,,0,0
1784317817.9368,1577832448,6374285312,579420160,554603896,,,0,0
1784317818.9374,1577836544,6400733184,580227072,555385640,,,0,0
1784317819.9377,1577943040,6400733184,580411392,555507064,,,0,0
1784317820.9384,1577943040,6400733184,580239360,555397504,,,0,0
1784317821.9389,1577943040,6400733184,580243456,555407568,,,0,0
1784317822.9394,1577943040,6400733184,580231168,555395208,,,0,0
1784317823.94,1577943040,6400741376,580222976,555391608,,,0,0
1784317824.9403,1577943040,6400741376,580235264,555396392,,,0,0
1784317825.9409,1577943040,6400741376,580231168,555400872,,,0,0
1784317826.9412,1577943040,6400741376,580222976,555399808,,,0,0
1784317827.9416,1577943040,6400741376,580644864,555605672,,,0,0
1784317828.942,1577943040,6400741376,580210688,555390216,,,0,0
1784317829.9425,1577738240,6400741376,580235264,555392960,,,0,0
1784317830.9429,1577738240,6400741376,580235264,555401000,,,0,0
1784317831.9434,1577738240,6400741376,580227072,555391136,,,0,0
1784317832.9439,1577738240,6400741376,580231168,555390816,,,0,0
1784317833.9445,1577738240,6400741376,580231168,555394016,,,0,0
1784317834.945,1577738240,6400741376,580239360,555390080,,,0,0
1784317835.9454,1577738240,6400741376,580583424,555561256,,,0,0
1784317836.9459,1577738240,6400741376,580231168,555386304,,,0,0
1784317837.9465,1577840640,6400741376,580222976,555391792,,,0,0
1784317838.947,1577840640,6400741376,580243456,555414208,,,0,0
1784317839.9479,1577840640,6400741376,580227072,555400480,,,0,0
1784317840.9482,1577840640,6400741376,580227072,555406344,,,0,0
1784317841.9485,1577840640,6400741376,580243456,555401488,,,0,0
1784317842.949,1577840640,6400741376,580243456,555402104,,,0,0
1784317843.9492,1579077632,6400741376,580657152,555601376,,,0,0
1784317844.9496,1577840640,6400741376,580239360,555407072,,,0,0
1784317845.95,1577840640,6231298048,575209472,550369736,,,0,0
1784317846.9506,1577840640,6314381312,577683456,552839080,,,0,0
1784317847.9515,1577832448,6397784064,580153344,555306992,,,0,0
1784317848.9523,1577832448,6400741376,580235264,555379960,,,0,0
1784317849.9531,1577934848,6400741376,580231168,555394432,,,0,0
1784317850.954,1577934848,6400741376,580239360,555396648,,,0,0
1784317851.9544,1577934848,6400749568,580263936,555415008,,,0,0
1784317852.9548,1578741760,6400749568,580587520,555478200,,,0,0
1784317853.9551,1577934848,6400749568,580222976,555396112,,,0,0
1784317854.9555,1577934848,6400749568,580235264,555395008,,,0,0
1784317855.9558,1577934848,6400749568,580243456,555391320,,,0,0
1784317856.9562,1577934848,6400749568,580247552,555404368,,,0,0
1784317857.9566,1577934848,6400749568,580239360,555406648,,,0,0
1784317858.9574,1577934848,6400749568,580243456,555404456,,,0,0
1784317859.9577,1577730048,6400757760,580288512,555424688,,,0,0
1784317860.958,1577738240,6400757760,580255744,555394064,,,0,0
1784317861.9584,1577738240,6400757760,580231168,555394144,,,0,0
1784317862.9588,1577738240,6400757760,580235264,555396816,,,0,0
1784317863.9592,1577738240,6400757760,580222976,555386496,,,0,0
1784317864.9596,1577738240,6400757760,580247552,555387928,,,0,0
1784317865.9602,1577738240,6400757760,580227072,555394944,,,0,0
1784317866.9606,1577738240,6400757760,580227072,555400968,,,0,0
1784317867.9609,1577836544,6400757760,580227072,555409048,,,0,0
1784317868.9612,1577836544,6400757760,580235264,555397000,,,0,0
1784317869.9619,1577836544,6400757760,580227072,555398216,,,0,0
1784317870.9622,1577828352,6400757760,580227072,555397336,,,0,0
1784317871.9625,1577828352,6400757760,580227072,555410472,,,0,0
1784317872.9628,1577828352,6400757760,580227072,555382912,,,0,0
1784317873.9634,1577869312,6400757760,580214784,555381416,,,0,0
1784317874.9637,1577869312,6400757760,580390912,555474184,,,0,0
1784317875.9642,1577869312,6255529984,575930368,551195480,,,0,0
1784317876.9646,1577869312,6341718016,578486272,553761312,,,0,0
1784317877.9649,1577648128,6400757760,580186112,555472696,,,0,0
1784317878.9652,1577857024,6400757760,580202496,555489384,,,0,0
1784317879.9658,1577857024,6400757760,580198400,555491008,,,0,0
1784317880.9662,1577857024,6400770048,580182016,555503984,,,0,0
1784317881.9666,1577857024,6400770048,580206592,555513584,,,0,0
1784317882.9669,1578668032,6400770048,580567040,555587336,,,0,0
1784317883.9672,1577783296,6400770048,580190208,555492768,,,0,0
1784317884.9676,1577783296,6400770048,580190208,555500472,,,0,0
1784317885.9679,1577885696,6400770048,580198400,555501584,,,0,0
1784317886.9682,1577885696,6400770048,580214784,555507544,,,0,0
1784317887.9686,1577885696,6400770048,580214784,555511144,,,0,0
1784317888.9689,1577885696,6400770048,580214784,555501136,,,0,0
1784317889.9692,1577885696,6400770048,580362240,555584144,,,0,0
1784317890.9695,1577885696,6400770048,580206592,555500408,,,0,0
1784317891.9699,1577885696,6400770048,580202496,555500368,,,0,0
1784317892.9702,1577885696,6400770048,580218880,555509616,,,0,0
1784317893.9705,1577885696,6400770048,580218880,555515072,,,0,0
1784317894.9708,1577885696,6400770048,580218880,555523216,,,0,0
1784317895.9712,1577746432,6400770048,580210688,555513296,,,0,0
1784317896.9718,1577746432,6400770048,580222976,555513160,,,0,0
1784317897.9721,1579044864,6400770048,580616192,555679096,,,0,0
1784317898.9726,1577848832,6400770048,580214784,555504152,,,0,0
1784317899.9732,1577848832,6400770048,580210688,555499064,,,0,0
1784317900.9736,1577848832,6400770048,580194304,555492368,,,0,0
1784317901.9742,1577848832,6400770048,580206592,555503936,,,0,0
1784317902.9745,1577848832,6400770048,580210688,555520024,,,0,0
1784317903.9747,1577848832,6400770048,580214784,555505376,,,0,0
1784317904.9751,1578659840,6198935552,574619648,549634864,,,0,0
1784317905.9754,1577848832,6280228864,576630784,551934872,,,0,0
1784317906.9758,1577848832,6361161728,579035136,554324656,,,0,0
1784317907.9762,1577779200,6400770048,580186112,555477496,,,0,0
